Mississippi<-c(803,869,936,1002,1069,1135,1202,1268,1335,1401,1468,1534,1601,1667,1734,1800,1867,1933,2000,2066,2133,2199,2266)
