Rhone <- c(1355,1492,1692,1766,1903,2040,2177,2314,2451,2588,2725,2862,2999,3136,3273,3410,3547,3686,3822,3959,4096,4233,4370)

